Run semi-empirical minimization
 &qmmm
    qm_theory='AM1', grms_tol=0.0005,
 scfconv=1.d-10, ndiis_attempts=700,   qmcharge=-4,
 /
  15    PA       48.3780      -20.5450      -12.8170 
  15    PB       47.3350      -23.1960      -12.3400 
  15    PG       46.1280      -23.1010       -9.8140 
   6   C5'       50.7110      -21.7690      -13.2310 
   8   O5'       49.9180      -20.5840      -13.3100 
   6   C4'       52.2030      -21.4340      -13.2710 
   8   O4'       52.4080      -20.1490      -13.8710 
   6   C3'       52.8400      -21.4040      -11.8810 
   8   O3'       53.8420      -22.4310      -11.7630 
   6   C2'       53.4460      -20.0150      -11.7450 
   8   O2'       54.7770      -20.0620      -11.2100 
   6   C1'       53.4140      -19.4270      -13.1550 
   7    N1       55.0940      -14.4360      -12.9330 
   8   O1A       47.6680      -19.4750      -13.6090 
   8   O1B       48.4560      -24.2280      -12.2560 
   8   O1G       46.3360      -24.5920       -9.9390 
   6    C2       55.8010      -15.5790      -12.9700 
   8   O2A       48.3590      -20.4410      -11.3100 
   8   O2B       45.9500      -23.6070      -12.7850 
   8   O2G       46.5980      -22.5370       -8.4940 
   7    N3       55.2420      -16.8020      -13.0290 
   8   O3A       47.7280      -21.9490      -13.2950 
   8   O3B       47.1440      -22.4930      -10.9030 
   8   O3G       44.7810      -22.5930      -10.2760 
   6    C4       53.8960      -16.9510      -13.0520 
   6    C5       53.0590      -15.7420      -13.0110 
   6    C6       53.7430      -14.4330      -12.9470 
   7    N6       53.0270      -13.2810      -12.9050 
   7    N7       51.7830      -16.1540      -13.0450 
   6    C8       51.7990      -17.5090      -13.1000 
   7    N9       53.0540      -17.9880      -13.1040 
   1     H       50.4730      -22.4050      -14.0580 
   1    H1       50.4970      -22.2610      -12.3050 
   1    H2       52.6650      -22.2090      -13.8450 
   1    H3       52.1270      -21.5930      -11.1050 
   1    H4       54.5170      -22.3050      -12.4480 
   1    H5       52.8970      -19.4090      -11.0550 
   1    H6       55.3390      -20.6000      -11.7890 
   1    H7       54.3710      -19.5100      -13.6270 
   1    H8       56.8310      -15.5150      -12.9520 
   1    H9       52.0430      -13.3120      -12.9170 
   1   H10       53.4920      -12.4140      -12.8630 
   1   H11       50.9530      -18.0990      -13.1340 

