Run semi-empirical minimization
 &qmmm
    qm_theory='AM1', grms_tol=0.0005,
 scfconv=1.d-10, ndiis_attempts=700,   qmcharge=0,
 /
   6    C1       49.6250      -16.1010      -15.7660 
   7    N1       55.8870      -13.8040      -13.7520 
   8    O1       50.7230      -18.4210      -11.7920 
  16    S1       54.8060      -16.1340      -13.5300 
   6    C2       49.2170      -17.2970      -15.1800 
   7    N2       53.9560      -12.4230      -13.7490 
   8    O2       51.7160      -13.9350      -12.8050 
   6    C3       50.6310      -15.3280      -15.1860 
   7    N3       57.4480      -15.5910      -13.6870 
   8    O3       52.3720      -16.9220      -11.8010 
   6    C4       49.8270      -17.7190      -14.0120 
   7    N4       51.3520      -17.4510      -12.2850 
   6    C5       51.2640      -15.7500      -14.0360 
   6    C6       50.8260      -16.9370      -13.4600 
   6    C7       53.7420      -14.7800      -13.5750 
   6    C8       54.5140      -13.6500      -13.6890 
   6    C9       56.1610      -15.0810      -13.6690 
   6   C10       52.3050      -14.8160      -13.4740 
   6   C11       58.7110      -19.4890      -12.9090 
   6   C12       57.5560      -18.9540      -12.0550 
   6   C13       59.3360      -17.4440      -11.8030 
   6   C14       59.1630      -17.3160      -14.0800 
   6   C15       59.6700      -18.2860      -13.0200 
   6   C16       57.8350      -17.4440      -12.0890 
   6   C17       57.7500      -17.0010      -13.5630 
   1     H       49.1780      -15.7830      -16.6400 
   1    H1       48.4690      -17.8610      -15.6120 
   1    H2       54.5280      -11.6260      -13.8310 
   1    H3       52.9770      -12.3250      -13.7110 
   1    H4       50.9040      -14.4330      -15.6210 
   1    H5       58.1980      -14.9610      -13.7900 
   1    H6       49.5420      -18.6020      -13.5600 
   1    H7       59.1900      -20.3160      -12.4280 
   1    H8       58.3890      -19.8520      -13.8630 
   1    H9       57.5960      -19.3380      -11.0570 
   1   H10       56.5840      -19.2290      -12.4080 
   1   H11       59.7720      -16.4670      -11.8330 
   1   H12       59.6710      -17.7810      -10.8440 
   1   H13       59.7680      -16.4340      -14.1230 
   1   H14       59.1840      -17.7090      -15.0750 
   1   H15       60.6700      -18.6360      -13.1720 
   1   H16       57.2040      -16.8550      -11.4570 
   1   H17       56.9700      -17.4920      -14.1070 

